169735477
160028434
160897947
157407246
153881302
172694171
171070236
154302761
165786948
159504387
172007822
171759537
167673018
161471032
153969729
162772019
162871815
164484920
165299547
172039163
154936578
168577700
153992657
172048626
158530753
160026451
164317733
170918034
169403955
162541554
160937381
170219188
157430629
154508394
162819603
168764208
168557415
166309796
154966946
155241744
171859107
173430800
156284381
157136719
160813250
170995803
169041299
166136032
162228293
168958481
162593408
155965437
172457184
158704070
165709994
166169659
173065090
172971105
172848514
173402316
164853531
155664442
169918130
158923656
159798602
165374551
168503583
158780601
155350803
164784820
163561186
166005803
163318864
165537355
165185695
165141753
155014081
163081724
158999549
158787942
154305000
163575341
155227979
167788819
164445971
159227180
157030967
170637362
169597969
160592885
154335679
169970063
165525077
160013422
172659090
156567397
164927283
162639405
168848299
168417727