9.001388888888888,-13.5213,-71.9788,8
9.001944444444444,-13.5235,-71.9795,24
9.002222222222223,-13.521,-71.9829,7
9.002777777777778,-13.5213,-71.98,20
9.00388888888889,-13.5199,-71.9798,12
9.00388888888889,-13.5199,-71.9784,7
9.004166666666666,-13.5201,-71.9784,7
9.004166666666666,-13.5227,-71.9825,9
9.004444444444445,-13.5198,-71.9783,11
9.004722222222222,-13.5223,-71.9793,21
9.006388888888889,-13.5208,-71.9793,13
9.006666666666666,-13.5199,-71.9783,7
9.006944444444445,-13.5198,-71.9781,18
9.008888888888889,-13.5202,-71.9831,8
9.008888888888889,-13.5218,-71.9783,7
9.009444444444444,-13.5206,-71.9805,21
9.010277777777778,-13.5203,-71.983,7
9.0125,-13.5204,-71.9832,16
9.012777777777778,-13.5205,-71.9834,7
9.01361111111111,-13.5236,-71.9799,7
9.014444444444445,-13.5223,-71.9778,16
9.014722222222222,-13.5208,-71.9807,8
9.014722222222222,-13.5209,-71.9788,8
9.014722222222222,-13.5205,-71.9834,7
9.015,-13.5204,-71.9811,21
9.015,-13.5219,-71.9824,7
9.015,-13.5221,-71.9792,8
9.015,-13.5195,-71.9819,11
9.015277777777778,-13.5209,-71.9806,8
9.016388888888889,-13.5234,-71.9797,8
9.018333333333334,-13.5221,-71.9792,8
9.018611111111111,-13.522,-71.9791,10
9.01888888888889,-13.524,-71.9777,25
9.019722222222223,-13.5208,-71.9839,12
9.019722222222223,-13.5202,-71.9812,20
9.019722222222223,-13.521,-71.9842,13
9.019722222222223,-13.5231,-71.9797,16
9.020833333333334,-13.5213,-71.9801,13
9.02138888888889,-13.5202,-71.978,9
9.022777777777778,-13.521,-71.9787,12
9.025,-13.5193,-71.9789,8
9.025555555555556,-13.5214,-71.9787,20
9.02638888888889,-13.5227,-71.9774,8
9.026666666666667,-13.5216,-71.9853,21
9.026666666666667,-13.5212,-71.9846,21
9.027500000000002,-13.5215,-71.979,7
9.027777777777779,-13.5233,-71.9774,9
9.027777777777779,-13.5189,-71.9792,29
9.028333333333334,-13.5226,-71.9772,9
9.028333333333334,-13.5199,-71.9815,7
9.02888888888889,-13.5218,-71.9792,18
9.030000000000001,-13.523,-71.9773,11
9.030555555555557,-13.5217,-71.9794,7
9.03138888888889,-13.5218,-71.9856,24
9.031666666666668,-13.5207,-71.9831,18
9.0325,-13.5209,-71.9787,18
9.03361111111111,-13.522,-71.9859,7
9.035277777777777,-13.52,-71.9783,7
9.035555555555556,-13.5219,-71.9792,8
9.038055555555555,-13.5196,-71.9815,7
9.038055555555555,-13.522,-71.9793,7
9.038055555555555,-13.5191,-71.9788,7
9.038333333333334,-13.5224,-71.9772,9
9.039166666666667,-13.5197,-71.9815,8
9.040833333333333,-13.523,-71.9773,9
9.04138888888889,-13.5229,-71.9773,10
9.041944444444445,-13.5183,-71.9798,9
9.042222222222222,-13.5221,-71.977,9
9.042777777777777,-13.5195,-71.9817,11
9.043888888888889,-13.5228,-71.9828,7
9.045,-13.5198,-71.9795,11
9.045833333333333,-13.5203,-71.9812,10
9.046388888888888,-13.5218,-71.9792,7
9.046666666666667,-13.52,-71.9783,7
9.047777777777778,-13.5219,-71.9783,7
9.048333333333334,-13.5188,-71.9808,17
9.04861111111111,-13.5213,-71.9827,9
9.04861111111111,-13.5216,-71.979,9
9.04888888888889,-13.5216,-71.9791,7
9.049444444444445,-13.5215,-71.9791,11
9.049722222222222,-13.5211,-71.9788,8
9.050833333333333,-13.5204,-71.9785,7
9.051111111111112,-13.5201,-71.9783,12
9.051388888888889,-13.5203,-71.9785,9
9.052222222222223,-13.5219,-71.9769,8
9.053055555555556,-13.5202,-71.98,8
9.053333333333335,-13.5198,-71.9781,22
9.054166666666667,-13.5211,-71.9788,16
9.055000000000001,-13.5203,-71.983,9
9.056111111111111,-13.5207,-71.9786,10
9.056111111111111,-13.5205,-71.9823,8
9.056944444444445,-13.5212,-71.9767,15
9.06,-13.5236,-71.9798,8
9.06027777777778,-13.5206,-71.9785,8
9.060555555555556,-13.5236,-71.9799,7
9.0625,-13.5233,-71.9798,16
9.063611111111111,-13.5216,-71.9769,15
9.064166666666667,-13.5222,-71.9771,14
9.064166666666667,-13.5202,-71.9817,7
9.064444444444446,-13.5232,-71.9797,18
9.065000000000001,-13.5225,-71.9795,19
9.065277777777778,-13.5201,-71.9816,11
9.065555555555557,-13.5217,-71.9766,22
9.065833333333334,-13.5199,-71.9814,7
9.066944444444443,-13.5214,-71.9826,7
9.068333333333333,-13.5198,-71.9781,7
9.06861111111111,-13.5226,-71.9772,17
9.069444444444445,-13.5221,-71.9792,8
9.07,-13.5205,-71.9804,7
9.070833333333333,-13.5205,-71.981,27
9.070833333333333,-13.5209,-71.9831,8
9.072777777777777,-13.5208,-71.9807,10
9.073055555555555,-13.5204,-71.9785,17
9.073611111111111,-13.519,-71.9813,8
9.07611111111111,-13.5189,-71.9807,7
9.077222222222222,-13.522,-71.9792,7
9.077777777777778,-13.519,-71.9809,10
9.078055555555554,-13.5201,-71.9784,7
9.07861111111111,-13.5191,-71.9789,9
9.079166666666666,-13.5201,-71.9783,8
9.079166666666666,-13.5215,-71.9768,7
9.08,-13.5235,-71.9798,9
9.080277777777777,-13.5193,-71.979,17
9.080277777777777,-13.5231,-71.9798,7
9.081111111111111,-13.5236,-71.9799,9
9.081666666666667,-13.5235,-71.9775,7
9.081944444444444,-13.5203,-71.9831,7
9.0825,-13.5241,-71.9784,7
9.083333333333334,-13.5214,-71.9787,25
9.083333333333334,-13.522,-71.9792,10
9.084166666666667,-13.5202,-71.9783,19
9.084444444444445,-13.5229,-71.9796,15
9.085277777777778,-13.524,-71.9777,19
9.085833333333333,-13.5199,-71.9796,13
9.086388888888889,-13.5234,-71.9798,9
9.08888888888889,-13.5197,-71.9816,8
9.089166666666667,-13.5226,-71.9826,7
9.089722222222223,-13.52,-71.9782,10
9.09,-13.5217,-71.9769,8
9.09,-13.5194,-71.9805,7
9.090277777777779,-13.5221,-71.9779,25
9.090555555555556,-13.5214,-71.9827,10
9.09138888888889,-13.5202,-71.9799,8
9.092222222222222,-13.5217,-71.9784,25
9.092500000000001,-13.5212,-71.9789,7
9.093055555555557,-13.5243,-71.9777,9
9.09388888888889,-13.5213,-71.979,15
9.09388888888889,-13.5197,-71.9822,29
9.09388888888889,-13.5223,-71.9794,24
9.094444444444445,-13.5192,-71.9805,8
9.095555555555556,-13.5227,-71.9813,15
9.096388888888889,-13.5219,-71.9783,10
9.096666666666668,-13.5208,-71.9831,7
9.096944444444444,-13.5204,-71.9802,10
9.099166666666667,-13.5213,-71.9789,10
9.099722222222223,-13.5215,-71.9767,9
9.1,-13.5216,-71.9767,8
9.100555555555555,-13.5207,-71.9806,7
9.100833333333332,-13.5218,-71.9791,9
9.101388888888888,-13.5219,-71.9791,9
9.101666666666667,-13.522,-71.9792,7
9.101666666666667,-13.5221,-71.9792,7
9.101666666666667,-13.5234,-71.9774,7
9.101944444444444,-13.5226,-71.9774,8
9.103333333333333,-13.52,-71.9781,9
9.10361111111111,-13.5226,-71.9827,10
9.10361111111111,-13.5203,-71.983,7
9.104166666666666,-13.5236,-71.98,8
9.104166666666666,-13.5226,-71.9772,14
9.104166666666666,-13.521,-71.9803,26
9.105555555555556,-13.5203,-71.9831,8
9.107777777777777,-13.5212,-71.9801,24
9.107777777777777,-13.5204,-71.9833,16
9.109444444444444,-13.5205,-71.9777,21
9.109722222222222,-13.5216,-71.9794,15
9.11,-13.5198,-71.9803,9
9.110277777777778,-13.5195,-71.9792,15
9.111666666666666,-13.5207,-71.9805,7
9.113333333333333,-13.5228,-71.9796,15
9.11361111111111,-13.5208,-71.9807,12
9.113888888888889,-13.5221,-71.977,7
9.114722222222222,-13.521,-71.9843,11
9.115277777777777,-13.5217,-71.9793,8
9.115277777777777,-13.5224,-71.9819,7
9.115277777777777,-13.5201,-71.9826,8
9.115555555555556,-13.5215,-71.9791,10
9.115555555555556,-13.5215,-71.979,8
9.115833333333333,-13.5226,-71.9794,26
9.117222222222223,-13.5212,-71.9827,7
9.117777777777778,-13.521,-71.9787,8
9.118055555555555,-13.5209,-71.9787,23
9.11888888888889,-13.5231,-71.9773,8
9.119166666666667,-13.52,-71.9813,22
9.119722222222222,-13.5197,-71.982,14
9.119722222222222,-13.5189,-71.9813,7
9.120555555555557,-13.5208,-71.9805,8
9.120833333333334,-13.5213,-71.9789,23
9.121111111111112,-13.5229,-71.9772,12
9.121111111111112,-13.5215,-71.9767,11
9.121666666666668,-13.5207,-71.9807,14
9.121666666666668,-13.5215,-71.9851,9
9.1225,-13.5215,-71.9768,11
9.123333333333333,-13.5203,-71.9785,8
9.124166666666667,-13.5205,-71.9785,9
9.124166666666667,-13.52,-71.9782,7
9.125277777777779,-13.5196,-71.9816,13
9.12638888888889,-13.5204,-71.9785,11
9.126666666666667,-13.52,-71.9782,8
9.126666666666667,-13.5218,-71.9769,9
9.126944444444446,-13.5204,-71.9802,9
9.127222222222223,-13.5198,-71.9815,8
9.127777777777778,-13.519,-71.9812,7
9.127777777777778,-13.5202,-71.98,7
9.128055555555555,-13.5225,-71.9794,28
9.128333333333334,-13.5203,-71.98,14
9.12861111111111,-13.5215,-71.9767,11
9.12861111111111,-13.522,-71.9859,13
9.12861111111111,-13.5197,-71.9815,7
9.130277777777778,-13.5222,-71.9826,9
9.130277777777778,-13.5216,-71.979,8
9.130833333333333,-13.5203,-71.9811,16
9.130833333333333,-13.5204,-71.9779,21
9.131666666666668,-13.52,-71.9801,9
9.1325,-13.5236,-71.98,15
9.13361111111111,-13.5191,-71.9811,10
9.136111111111111,-13.521,-71.9792,7
9.136388888888888,-13.52,-71.9783,8
9.137222222222222,-13.5211,-71.9787,8
9.1375,-13.5202,-71.9784,8
9.13861111111111,-13.5212,-71.9789,15
9.13888888888889,-13.5202,-71.9784,9
9.13888888888889,-13.5196,-71.9816,7
9.139166666666666,-13.5203,-71.9785,9
9.139166666666666,-13.5196,-71.9815,9
9.139999999999999,-13.5209,-71.9788,15
9.14111111111111,-13.5192,-71.9807,8
9.141388888888889,-13.5194,-71.9817,15
9.1425,-13.5195,-71.9818,18
9.143055555555556,-13.5198,-71.9782,15
9.143333333333333,-13.5203,-71.9811,22
9.143611111111111,-13.5197,-71.9785,16
9.145,-13.5189,-71.9807,10
9.146388888888888,-13.5233,-71.9798,9
9.146666666666667,-13.5223,-71.9771,9
9.146944444444443,-13.5189,-71.9809,14
9.147499999999999,-13.5191,-71.9806,11
9.148333333333333,-13.5211,-71.979,8
9.148888888888889,-13.5212,-71.9789,10
9.149166666666666,-13.5228,-71.9773,29
9.15,-13.5223,-71.9793,21
9.151111111111112,-13.5237,-71.9799,7
9.151388888888889,-13.521,-71.9791,8
9.151944444444444,-13.5204,-71.9785,7
9.154444444444445,-13.5201,-71.983,7
9.155277777777778,-13.5229,-71.9797,17
9.155555555555557,-13.5234,-71.9776,9
9.15611111111111,-13.5205,-71.9785,12
9.15638888888889,-13.5203,-71.9831,15
9.158055555555556,-13.5207,-71.9808,7
9.158611111111112,-13.5198,-71.9803,10
9.160555555555556,-13.5241,-71.9778,16
9.161944444444444,-13.5196,-71.9804,9
9.161944444444444,-13.5197,-71.9815,8
9.162222222222223,-13.5193,-71.9789,9
9.163055555555555,-13.5201,-71.9783,14
9.163333333333334,-13.5209,-71.9841,15
9.163611111111111,-13.5198,-71.9782,13
9.164166666666667,-13.5209,-71.9788,6
9.164722222222222,-13.5191,-71.9792,24
9.165277777777778,-13.5204,-71.9786,7
9.165277777777778,-13.5203,-71.9785,17
9.165833333333333,-13.5208,-71.9807,9
9.166111111111112,-13.519,-71.9788,13
9.167499999999999,-13.519,-71.9788,8
9.169444444444444,-13.5236,-71.9799,9
9.169722222222221,-13.5211,-71.9802,18
9.170277777777777,-13.5214,-71.985,12
9.170555555555556,-13.5233,-71.9798,8
9.170833333333333,-13.5232,-71.9797,8
9.171388888888888,-13.5222,-71.9793,8
9.1725,-13.5215,-71.9791,8
9.172777777777776,-13.5221,-71.9792,7
9.173055555555555,-13.5192,-71.979,12
9.174722222222222,-13.5192,-71.9789,8
9.174722222222222,-13.519,-71.9789,8
9.175277777777778,-13.5201,-71.98,10
9.175277777777778,-13.5216,-71.9795,15
9.176388888888889,-13.5184,-71.9797,8
9.176388888888889,-13.5239,-71.9789,8
9.176944444444445,-13.5239,-71.9788,10
9.177222222222222,-13.5216,-71.9854,10
9.177222222222222,-13.5225,-71.9794,31
9.177222222222222,-13.5187,-71.9809,8
9.177222222222222,-13.5199,-71.9802,8
9.1775,-13.5203,-71.9831,9
9.178333333333333,-13.5216,-71.9767,9
9.179166666666665,-13.5216,-71.9767,11
9.18,-13.5199,-71.9797,9
9.180277777777777,-13.5195,-71.9793,11
9.180555555555555,-13.5215,-71.9787,21
9.180555555555555,-13.52,-71.9784,9
9.180833333333332,-13.5213,-71.9788,11
9.180833333333332,-13.5227,-71.9796,15
9.181388888888888,-13.5198,-71.9796,10
9.182222222222222,-13.5241,-71.9784,12
9.1825,-13.521,-71.9788,8
9.182777777777778,-13.5204,-71.9798,20
9.184166666666666,-13.5217,-71.9793,9
9.184444444444445,-13.5219,-71.977,8
9.185833333333333,-13.5228,-71.9811,15
9.186388888888889,-13.5214,-71.979,15
9.186388888888889,-13.5218,-71.9791,8
9.186944444444444,-13.5201,-71.9799,7
9.188333333333334,-13.52,-71.9798,9
9.189722222222223,-13.5198,-71.9797,7
9.190833333333334,-13.5199,-71.9824,7
9.19138888888889,-13.5235,-71.9799,7
9.19138888888889,-13.5199,-71.9798,12
9.191944444444445,-13.5235,-71.9799,10
9.1925,-13.5237,-71.9799,8
9.193333333333333,-13.5242,-71.9781,9
9.193333333333333,-13.5211,-71.9791,7
9.193333333333333,-13.5216,-71.9791,8
9.193888888888889,-13.5216,-71.979,12
9.194166666666668,-13.5211,-71.9789,7
9.194444444444445,-13.5196,-71.9818,17
9.195,-13.5231,-71.9797,17
9.195,-13.5233,-71.9798,12
9.196666666666667,-13.5212,-71.9788,9
9.196944444444444,-13.5191,-71.9789,7
9.1975,-13.5232,-71.9798,5
9.199722222222222,-13.5222,-71.9771,13
9.2,-13.52,-71.9813,20
9.200277777777776,-13.5214,-71.9798,24
9.20111111111111,-13.5207,-71.9805,7
9.20111111111111,-13.5223,-71.9772,10
9.201944444444443,-13.5221,-71.9793,11
9.202222222222222,-13.5206,-71.9804,8
9.202222222222222,-13.5227,-71.9773,11
9.202499999999999,-13.5195,-71.9792,11
9.20361111111111,-13.5213,-71.9789,10
9.204166666666666,-13.5204,-71.9803,8
9.204444444444444,-13.5234,-71.9774,8
9.20611111111111,-13.5209,-71.9787,8
9.20722222222222,-13.521,-71.9787,29
9.20722222222222,-13.5196,-71.9786,12
9.2075,-13.5217,-71.9769,7
9.207777777777777,-13.521,-71.9804,8
9.208055555555555,-13.5207,-71.9807,17
9.208055555555555,-13.5202,-71.9812,23
9.20861111111111,-13.5207,-71.9786,16
9.208888888888888,-13.5199,-71.9783,11
9.209999999999999,-13.5232,-71.9774,12
9.211388888888887,-13.522,-71.9792,7
9.211666666666666,-13.5204,-71.9785,12
9.211666666666666,-13.5223,-71.982,7
9.212499999999999,-13.522,-71.9792,8
9.213055555555554,-13.5221,-71.9792,7
9.213333333333333,-13.5198,-71.9796,9
9.21361111111111,-13.5202,-71.9813,9
9.213888888888889,-13.5207,-71.9808,8
9.213888888888889,-13.5213,-71.9789,8
9.213888888888889,-13.5198,-71.9796,8
9.214166666666666,-13.5222,-71.9771,10
9.214166666666666,-13.5206,-71.9809,19
9.214166666666666,-13.5236,-71.98,18
9.215833333333332,-13.5199,-71.9814,8
9.216388888888888,-13.5226,-71.9823,11
9.216666666666667,-13.5209,-71.9806,13
9.217777777777778,-13.5214,-71.9768,11
9.219166666666666,-13.5202,-71.98,12
9.219166666666666,-13.5225,-71.9772,9
9.219722222222222,-13.5235,-71.9799,9
9.220555555555556,-13.5202,-71.9813,10
9.221111111111112,-13.5199,-71.9815,9
9.221944444444444,-13.5195,-71.9818,16
9.2225,-13.5213,-71.98,11
9.223333333333333,-13.519,-71.981,15
9.223611111111111,-13.523,-71.9796,22
9.223611111111111,-13.5233,-71.9775,24
9.225277777777778,-13.5204,-71.9803,9
9.225833333333334,-13.5213,-71.9789,8
9.226111111111111,-13.5214,-71.979,7
9.227500000000001,-13.5191,-71.979,12
9.227777777777778,-13.5199,-71.9815,8
9.228055555555555,-13.5218,-71.9783,7
9.22888888888889,-13.52,-71.9783,12
9.22888888888889,-13.5202,-71.9829,12
9.229166666666666,-13.5237,-71.9776,14
9.229166666666666,-13.5201,-71.9784,8
9.230277777777777,-13.5211,-71.9802,8
9.230277777777777,-13.5208,-71.9807,12
9.230833333333333,-13.5198,-71.9781,19
9.231666666666667,-13.5214,-71.9798,8
9.231944444444444,-13.5204,-71.9831,7
9.233055555555556,-13.5199,-71.9817,11
9.233333333333333,-13.5206,-71.9785,7
9.23361111111111,-13.5215,-71.9796,12
9.235277777777776,-13.5235,-71.9799,7
9.235833333333332,-13.5203,-71.9812,12
9.236666666666666,-13.5236,-71.9799,7
9.236666666666666,-13.52,-71.9782,7
9.237499999999999,-13.5235,-71.9799,7
9.237499999999999,-13.5198,-71.9817,7
9.237499999999999,-13.5198,-71.9815,8
9.238333333333333,-13.5234,-71.9799,10
9.239999999999998,-13.519,-71.9806,9
9.240277777777777,-13.5219,-71.9791,8
9.240555555555554,-13.5185,-71.9796,15
9.241388888888888,-13.5195,-71.9818,12
9.241666666666665,-13.5204,-71.9832,8
9.241944444444444,-13.5232,-71.9797,17
9.241944444444444,-13.5195,-71.9819,17
9.243055555555555,-13.5205,-71.9833,13
9.246944444444443,-13.52,-71.9825,8
9.246944444444443,-13.5217,-71.9794,7
9.246944444444443,-13.5188,-71.9809,13
9.247222222222222,-13.5213,-71.9769,7
9.247499999999999,-13.5198,-71.9815,7
9.24861111111111,-13.5229,-71.9795,12
9.248888888888889,-13.5203,-71.9785,7
9.248888888888889,-13.5221,-71.9793,14
9.250277777777777,-13.5217,-71.9791,13
9.251388888888888,-13.521,-71.9788,16
9.251666666666667,-13.5202,-71.983,10
9.252777777777778,-13.5201,-71.9784,8
9.252777777777778,-13.5196,-71.9818,9
9.252777777777778,-13.5235,-71.9795,7
9.255277777777778,-13.5202,-71.9784,7
9.255277777777778,-13.5236,-71.9793,9
9.255555555555556,-13.5209,-71.9841,7
9.255555555555556,-13.5207,-71.9776,11
9.255833333333333,-13.5204,-71.9785,7
9.255833333333333,-13.521,-71.9787,13
9.256666666666666,-13.5205,-71.9834,7
9.258333333333333,-13.522,-71.9792,9
9.259166666666667,-13.521,-71.9843,7
9.259444444444444,-13.522,-71.978,8
9.260277777777778,-13.5196,-71.9816,7
9.260833333333334,-13.5236,-71.9799,8
9.262222222222222,-13.5198,-71.9815,7
9.26361111111111,-13.5197,-71.982,30
9.26388888888889,-13.5203,-71.9779,8
9.26388888888889,-13.5197,-71.9816,10
9.26388888888889,-13.5215,-71.9851,27
9.264722222222222,-13.5209,-71.9841,7
9.265277777777778,-13.5215,-71.979,8
9.266111111111112,-13.5233,-71.9798,17
9.266666666666667,-13.5203,-71.9811,22
9.268055555555556,-13.5223,-71.9794,14
9.26888888888889,-13.52,-71.9783,7
9.26888888888889,-13.5238,-71.9789,7
9.269166666666667,-13.5213,-71.9789,9
9.269444444444446,-13.5192,-71.9814,16
9.269722222222223,-13.5201,-71.9784,8
9.269722222222223,-13.5212,-71.9789,18
9.270000000000001,-13.5211,-71.9845,16
9.270277777777778,-13.5195,-71.9793,13
9.271944444444445,-13.5221,-71.978,28
9.273333333333333,-13.5198,-71.9802,8
9.273888888888889,-13.5213,-71.9767,20
9.274722222222223,-13.5201,-71.9784,8
9.275,-13.5187,-71.9809,11
9.275277777777779,-13.521,-71.9788,11
9.276944444444446,-13.5217,-71.9854,23
9.276944444444446,-13.5205,-71.9785,7
9.277777777777779,-13.5207,-71.9786,8
9.278333333333334,-13.5204,-71.9785,8
9.278611111111111,-13.5194,-71.9787,21
9.280000000000001,-13.5224,-71.9777,7
9.280000000000001,-13.5208,-71.9806,7
9.280277777777778,-13.5204,-71.9833,7
9.280555555555557,-13.5208,-71.9805,11
9.28138888888889,-13.5236,-71.9799,9
9.281944444444445,-13.5199,-71.9797,8
9.284166666666666,-13.52,-71.9798,13
9.285277777777777,-13.524,-71.9785,9
9.285833333333333,-13.5223,-71.9771,18
9.286944444444444,-13.5221,-71.9792,7
9.2875,-13.5203,-71.9799,9
9.28888888888889,-13.5241,-71.9781,14
9.292777777777777,-13.5213,-71.9767,18
9.292777777777777,-13.5202,-71.9784,7
9.293055555555556,-13.5204,-71.9802,7
9.295,-13.52,-71.9783,12
9.295555555555556,-13.5189,-71.9792,20
9.297222222222222,-13.5204,-71.9785,7
9.2975,-13.5208,-71.9787,10
9.298055555555555,-13.5208,-71.9806,11
9.29861111111111,-13.5203,-71.9784,9
9.299722222222222,-13.5217,-71.9769,14
9.303055555555556,-13.5236,-71.9799,7
9.303333333333335,-13.5219,-71.9792,8
9.303611111111111,-13.5236,-71.9799,8
9.304166666666667,-13.5232,-71.9798,8
9.304444444444446,-13.5236,-71.9799,8
9.305833333333334,-13.5221,-71.9792,8
9.30638888888889,-13.5191,-71.9789,10
9.306944444444445,-13.5211,-71.9791,7
9.306944444444445,-13.5212,-71.9828,7
9.307777777777778,-13.5217,-71.9791,10
9.308333333333334,-13.5211,-71.979,11
9.310833333333335,-13.5203,-71.978,8
9.310833333333335,-13.5229,-71.9796,15
9.311944444444444,-13.5195,-71.9793,8
9.312222222222223,-13.5216,-71.9785,22
9.3125,-13.5199,-71.9814,8
9.312777777777779,-13.5199,-71.9783,8
9.315277777777778,-13.5214,-71.979,8
9.315555555555557,-13.5198,-71.9781,14
9.316111111111113,-13.5214,-71.9769,9
9.31638888888889,-13.5223,-71.9793,8
9.317499999999999,-13.5198,-71.9796,9
9.317777777777778,-13.5233,-71.9774,7
9.318888888888889,-13.5195,-71.9817,12
9.319166666666666,-13.5207,-71.9785,7
9.3225,-13.5229,-71.977,18
9.324444444444444,-13.5208,-71.9806,16
9.324722222222222,-13.5191,-71.9788,7
9.324722222222222,-13.5204,-71.9784,7
9.324722222222222,-13.5218,-71.9824,8
9.32638888888889,-13.52,-71.9784,10
9.327222222222222,-13.5193,-71.979,16
9.327222222222222,-13.5221,-71.9793,7
9.327777777777778,-13.5222,-71.9792,9
9.328055555555554,-13.5223,-71.9794,7
9.32861111111111,-13.52,-71.9798,9
9.329722222222221,-13.5224,-71.9776,10
9.330277777777777,-13.5224,-71.9826,16
9.330833333333333,-13.5222,-71.9794,11
9.331666666666667,-13.5229,-71.9796,15
9.331944444444444,-13.5218,-71.9791,14
9.331944444444444,-13.5215,-71.9768,10
9.332777777777778,-13.5206,-71.9786,18
9.332777777777778,-13.5216,-71.979,14
9.33361111111111,-13.5189,-71.9807,8
9.334166666666667,-13.5205,-71.9804,14
9.334722222222222,-13.5196,-71.9793,7
9.337222222222223,-13.5203,-71.9831,8
9.338055555555556,-13.5214,-71.979,12
9.338333333333335,-13.5214,-71.979,8
9.33888888888889,-13.5215,-71.9785,26
9.339722222222223,-13.5203,-71.983,8
9.34,-13.5207,-71.9809,17
9.34,-13.5208,-71.9787,7
9.340555555555556,-13.5208,-71.9787,8
9.341111111111111,-13.5201,-71.9799,7
9.341111111111111,-13.52,-71.9814,22
9.34138888888889,-13.5203,-71.9831,7
9.341666666666667,-13.5199,-71.9782,12
9.341944444444445,-13.5203,-71.9779,15
9.343055555555557,-13.5198,-71.9781,16
9.344166666666668,-13.5208,-71.9786,14
9.345555555555556,-13.5202,-71.9813,8
9.345833333333333,-13.5222,-71.9778,22
9.346111111111112,-13.5203,-71.9784,7
9.346666666666668,-13.5207,-71.9836,13
9.349722222222223,-13.522,-71.9792,9
9.352777777777778,-13.5193,-71.9804,7
9.353055555555555,-13.5226,-71.9774,10
9.353055555555555,-13.5199,-71.9824,10
9.353333333333333,-13.5217,-71.9791,8
9.354444444444445,-13.5205,-71.9803,12
9.354722222222222,-13.5226,-71.9774,14
9.354722222222222,-13.5211,-71.9844,7
9.355277777777777,-13.5195,-71.9804,7
9.355277777777777,-13.5236,-71.9795,17
9.355277777777777,-13.5197,-71.982,23
9.356388888888889,-13.5217,-71.9791,7
9.358611111111111,-13.5206,-71.9786,20
9.358611111111111,-13.5212,-71.9789,8
9.358888888888888,-13.5217,-71.9769,18
9.360277777777778,-13.5202,-71.9784,8
9.360555555555555,-13.5215,-71.9851,21
9.360833333333334,-13.5196,-71.9819,8
9.361666666666666,-13.5203,-71.9785,8
9.362222222222222,-13.5207,-71.9808,17
9.362222222222222,-13.5203,-71.9785,8
9.363333333333333,-13.5199,-71.9814,7
9.36361111111111,-13.524,-71.9786,5
9.36361111111111,-13.5224,-71.9771,13
9.363888888888889,-13.5198,-71.9782,16
9.365,-13.52,-71.9783,11
9.365277777777777,-13.5211,-71.9788,18
9.365555555555556,-13.5219,-71.9769,8
9.366111111111111,-13.52,-71.9783,14
9.366666666666667,-13.52,-71.9813,24
9.366666666666667,-13.5218,-71.9769,15
9.368055555555555,-13.5205,-71.9831,8
9.368611111111111,-13.5214,-71.9797,7
9.36888888888889,-13.5217,-71.9791,7
9.369166666666667,-13.5204,-71.9811,9
9.369166666666667,-13.5228,-71.9773,18
9.370555555555557,-13.5219,-71.9792,15
9.37138888888889,-13.5212,-71.9768,18
9.3725,-13.5234,-71.9799,4
9.375,-13.5235,-71.9775,7
9.375277777777779,-13.5218,-71.9791,8
9.376666666666667,-13.5234,-71.9798,7
9.379444444444445,-13.521,-71.9772,19
9.380833333333333,-13.5228,-71.981,4
9.381944444444445,-13.5227,-71.9795,19
9.382222222222223,-13.5202,-71.9784,8
9.383333333333333,-13.524,-71.9777,7
9.385833333333332,-13.5242,-71.9778,13
9.386111111111111,-13.5196,-71.9817,9
9.387222222222222,-13.52,-71.9813,8
9.388055555555555,-13.5207,-71.9807,7
9.38888888888889,-13.5208,-71.9807,14
9.389999999999999,-13.5198,-71.9815,11
9.390277777777778,-13.521,-71.9804,8
9.391388888888889,-13.5201,-71.98,8
9.391944444444444,-13.5232,-71.9798,7
9.3925,-13.5231,-71.9797,7
9.393333333333333,-13.523,-71.9797,8
9.394444444444444,-13.5213,-71.98,9
9.396388888888888,-13.5201,-71.9781,12
9.396944444444443,-13.5198,-71.9823,22
9.397777777777778,-13.5218,-71.9791,8
9.401388888888889,-13.5229,-71.9809,9
9.405000000000001,-13.5191,-71.9813,7
9.405277777777778,-13.5232,-71.9774,12
9.405555555555557,-13.5207,-71.9786,19
9.405833333333334,-13.5213,-71.9788,7
9.407222222222222,-13.5215,-71.9797,8
9.409722222222223,-13.5216,-71.9785,15
9.412777777777778,-13.5214,-71.979,14
9.413611111111111,-13.5203,-71.9829,7
9.413611111111111,-13.5191,-71.9789,9
9.414166666666667,-13.5191,-71.9788,7
9.414166666666667,-13.5224,-71.9819,5
9.414722222222222,-13.5201,-71.9813,7
9.415277777777778,-13.5222,-71.9792,7
9.415833333333333,-13.5205,-71.9777,26
9.416666666666666,-13.522,-71.9781,16
9.416944444444443,-13.5217,-71.9793,8
9.417777777777777,-13.5205,-71.9832,12
9.418055555555554,-13.522,-71.9792,8
9.41861111111111,-13.5204,-71.9831,7
9.41861111111111,-13.5199,-71.9814,8
9.420277777777777,-13.5203,-71.983,10
9.421666666666667,-13.5225,-71.9817,7
9.421944444444444,-13.5229,-71.9772,12
9.422222222222222,-13.5201,-71.9799,11
9.424722222222222,-13.5218,-71.9792,7
9.424722222222222,-13.5213,-71.9827,8
9.424722222222222,-13.521,-71.9841,15
9.425833333333333,-13.52,-71.9824,12
9.425833333333333,-13.519,-71.9808,10
9.42611111111111,-13.5202,-71.9784,7
9.426388888888889,-13.5216,-71.979,8
9.426388888888889,-13.52,-71.9784,15
9.4275,-13.5203,-71.9802,18
9.428055555555554,-13.5217,-71.9791,10
9.428888888888888,-13.5224,-71.9775,7
9.430555555555555,-13.5226,-71.9774,15
9.431111111111111,-13.5209,-71.9788,7
9.431111111111111,-13.5198,-71.9822,15
9.431666666666667,-13.5216,-71.9852,19
9.432222222222222,-13.5207,-71.9786,21
9.4325,-13.5225,-71.9819,8
9.43361111111111,-13.5209,-71.9787,17
9.435555555555556,-13.522,-71.9792,8
9.435555555555556,-13.5234,-71.9798,7
9.435555555555556,-13.523,-71.9797,8
9.435555555555556,-13.5196,-71.9816,7
9.436111111111112,-13.5215,-71.9766,12
9.436666666666667,-13.5208,-71.9787,7
9.436666666666667,-13.5195,-71.9817,8
9.4375,-13.522,-71.9769,13
9.439444444444444,-13.5202,-71.9812,7
9.442222222222222,-13.5201,-71.9813,16
9.4425,-13.5217,-71.9825,7
9.442777777777778,-13.5208,-71.9774,15
9.444444444444445,-13.5216,-71.9768,19
9.444722222222222,-13.5214,-71.9789,7
9.446388888888889,-13.519,-71.9788,8
9.446666666666667,-13.5198,-71.9783,8
9.4475,-13.5212,-71.9789,9
9.448333333333334,-13.5202,-71.9784,7
9.448611111111111,-13.521,-71.9788,7
9.449166666666667,-13.5217,-71.9766,7
9.449166666666667,-13.5203,-71.9784,12
9.449166666666667,-13.522,-71.9792,8
9.450555555555555,-13.5201,-71.9784,13
9.452222222222222,-13.5203,-71.9779,8
9.452222222222222,-13.5213,-71.979,17
9.453055555555554,-13.5203,-71.9831,8
9.454722222222221,-13.5219,-71.977,19
9.456388888888888,-13.5208,-71.9807,7
9.45722222222222,-13.5234,-71.9799,9
9.458055555555555,-13.5191,-71.9789,7
9.458888888888888,-13.5198,-71.9815,7
9.458888888888888,-13.5209,-71.9805,15
9.459166666666667,-13.5192,-71.979,14
9.459722222222222,-13.5217,-71.9794,19
9.46111111111111,-13.5229,-71.9796,27
9.461666666666666,-13.522,-71.9793,20
9.463888888888889,-13.5228,-71.9828,7
9.464444444444444,-13.5214,-71.9798,13
9.464444444444444,-13.5214,-71.9789,7
9.464722222222221,-13.5198,-71.9796,17
9.4675,-13.5209,-71.9794,8
9.46861111111111,-13.5225,-71.9772,7
9.469166666666666,-13.5213,-71.9847,16
9.47,-13.5192,-71.9789,7
9.470277777777778,-13.5211,-71.9803,11
9.471666666666668,-13.5229,-71.9774,25
9.471666666666668,-13.52,-71.9799,7
9.471944444444444,-13.5225,-71.9794,16
9.4725,-13.5202,-71.9829,7
9.4725,-13.522,-71.9792,7
9.4725,-13.5208,-71.9786,7
9.474444444444444,-13.5186,-71.9795,28
9.475277777777778,-13.5214,-71.9768,16
9.475833333333334,-13.5204,-71.9802,24
9.47638888888889,-13.5208,-71.9806,11
9.476666666666667,-13.5215,-71.9797,8
9.478055555555555,-13.5236,-71.9776,9
9.480277777777777,-13.5235,-71.9799,7
9.480833333333333,-13.5232,-71.9798,8
9.481388888888889,-13.5207,-71.9807,13
9.481388888888889,-13.5221,-71.9792,7
9.481944444444444,-13.5235,-71.9799,14
9.482222222222223,-13.5222,-71.9778,7
9.48361111111111,-13.5213,-71.9789,8
9.484166666666665,-13.5213,-71.9789,12
9.484444444444444,-13.5213,-71.979,9
9.485833333333332,-13.5227,-71.9796,25
9.485833333333332,-13.5216,-71.9791,12
9.487777777777778,-13.5203,-71.9811,7
9.488333333333333,-13.5195,-71.9793,11
9.489166666666666,-13.5205,-71.981,8
9.489166666666666,-13.5209,-71.984,10
9.489166666666666,-13.5189,-71.9808,7
9.491388888888888,-13.5221,-71.9792,24
9.491666666666665,-13.5213,-71.9789,10
9.491944444444444,-13.5202,-71.978,8
9.4925,-13.5203,-71.9784,6
9.4925,-13.5202,-71.9812,11
9.493055555555555,-13.5241,-71.9778,8
9.493055555555555,-13.5199,-71.9814,7
9.493055555555555,-13.5229,-71.9809,7
9.493333333333332,-13.5217,-71.9793,7
9.494444444444444,-13.5204,-71.9832,11
9.495833333333332,-13.5207,-71.9786,24
9.497777777777777,-13.5217,-71.979,11
9.499444444444444,-13.5215,-71.9768,7
9.499722222222221,-13.5205,-71.9832,8
9.501944444444444,-13.5235,-71.9799,8
9.502222222222223,-13.5197,-71.9795,7
9.502222222222223,-13.5234,-71.9799,7
9.50361111111111,-13.5219,-71.9792,9
9.50388888888889,-13.5201,-71.9826,19
9.504444444444445,-13.522,-71.9792,9
9.505277777777778,-13.52,-71.9798,12
9.505555555555556,-13.5203,-71.9779,7
9.505833333333333,-13.5204,-71.9831,8
9.505833333333333,-13.5219,-71.9857,17
9.506388888888889,-13.5217,-71.9791,17
9.508611111111112,-13.5225,-71.9794,23
9.508611111111112,-13.5203,-71.9785,14
9.509444444444444,-13.5198,-71.9814,9
9.51,-13.52,-71.9814,7
9.51,-13.5197,-71.9815,9
9.510555555555555,-13.52,-71.9824,8
9.512222222222222,-13.5196,-71.9803,8
9.513055555555555,-13.5199,-71.9783,7
9.513333333333334,-13.5199,-71.9783,7
9.513333333333334,-13.5201,-71.9784,7
9.51361111111111,-13.5198,-71.9782,9
9.51388888888889,-13.5196,-71.9794,21
9.51388888888889,-13.5213,-71.9789,7
9.514166666666666,-13.5238,-71.9776,22
9.514166666666666,-13.52,-71.9783,9
9.514722222222222,-13.5213,-71.9788,7
9.514722222222222,-13.5196,-71.9816,14
9.515,-13.5196,-71.9818,15
9.516111111111112,-13.5199,-71.9801,10
9.516111111111112,-13.5201,-71.9799,9
9.516388888888889,-13.5226,-71.9815,7
9.516666666666667,-13.5201,-71.98,12
9.519444444444446,-13.5198,-71.9824,7
9.519444444444446,-13.521,-71.9787,13
9.520000000000001,-13.5207,-71.9786,12
9.520277777777778,-13.5208,-71.9787,9
9.520277777777778,-13.519,-71.9809,22
9.520555555555557,-13.5198,-71.9814,18
9.521111111111113,-13.5197,-71.9795,8
9.521666666666668,-13.5234,-71.9775,7
9.521666666666668,-13.5219,-71.9782,10
9.521666666666668,-13.519,-71.9806,8
9.521944444444445,-13.5207,-71.9807,7
9.522222222222224,-13.5199,-71.9814,14
9.524722222222223,-13.5219,-71.9792,7
9.524722222222223,-13.5219,-71.9791,10
9.525,-13.523,-71.9773,12
9.525555555555556,-13.5202,-71.9784,11
9.526111111111112,-13.5203,-71.9811,19
9.527500000000002,-13.5201,-71.9813,11
9.527777777777779,-13.5203,-71.9801,13
9.529722222222222,-13.5215,-71.979,11
9.530277777777778,-13.5213,-71.9791,11
9.530555555555557,-13.5233,-71.9798,8
9.531111111111112,-13.5234,-71.9798,7
9.531666666666668,-13.5201,-71.9828,10
9.53277777777778,-13.5201,-71.9799,10
9.535,-13.5206,-71.9805,8
9.536388888888888,-13.5192,-71.9789,7
9.536666666666667,-13.5214,-71.9787,12
9.536666666666667,-13.52,-71.9783,7
9.536944444444444,-13.5226,-71.9774,17
9.536944444444444,-13.5211,-71.9789,7
9.538055555555555,-13.5226,-71.9795,17
9.538055555555555,-13.5211,-71.9788,9
9.538611111111111,-13.5209,-71.9788,8
9.539444444444444,-13.5198,-71.9781,16
9.540277777777778,-13.5194,-71.9804,7
9.54111111111111,-13.5201,-71.9784,8
9.541666666666666,-13.5203,-71.9812,22
9.541666666666666,-13.5224,-71.9819,7
9.543611111111112,-13.5219,-71.9782,7
9.543888888888889,-13.5208,-71.9807,7
9.544166666666667,-13.5207,-71.9808,7
9.544722222222221,-13.5203,-71.983,8
9.545277777777777,-13.5203,-71.9831,7
9.545833333333333,-13.5217,-71.9794,19
9.546388888888888,-13.5215,-71.9768,8
9.546666666666667,-13.522,-71.9792,7
9.546944444444444,-13.5215,-71.9768,7
9.546944444444444,-13.5235,-71.9799,7
9.546944444444444,-13.5217,-71.9791,9
9.547777777777778,-13.5184,-71.9796,11
9.547777777777778,-13.5236,-71.98,10
9.548333333333334,-13.5235,-71.98,12
9.548333333333334,-13.521,-71.9804,10
9.549444444444445,-13.5212,-71.9788,9
9.550555555555556,-13.522,-71.9792,10
9.552222222222223,-13.5204,-71.9832,8
9.553055555555556,-13.5237,-71.9799,10
9.553611111111111,-13.522,-71.977,7
9.553611111111111,-13.5237,-71.9793,25
9.554444444444446,-13.5207,-71.9775,18
9.555277777777778,-13.5223,-71.9776,7
9.555277777777778,-13.5206,-71.9795,19
9.555833333333334,-13.5198,-71.9802,7
9.556666666666667,-13.5195,-71.9816,7
9.556666666666667,-13.5225,-71.9794,18
9.558333333333334,-13.5221,-71.9779,8
9.559722222222224,-13.5198,-71.9815,10
9.56,-13.5215,-71.9789,8
9.560833333333335,-13.5215,-71.9793,10
9.560833333333335,-13.5191,-71.9812,10
9.561388888888889,-13.5208,-71.9787,7
9.562777777777779,-13.5196,-71.9818,15
9.564444444444446,-13.5208,-71.9774,7
9.564722222222223,-13.5226,-71.9771,16
9.564722222222223,-13.5223,-71.9769,8
9.565555555555557,-13.521,-71.9805,8
9.566111111111113,-13.5198,-71.9782,17
9.567499999999999,-13.5213,-71.98,7
9.567777777777778,-13.5205,-71.9785,14
9.568333333333333,-13.5211,-71.9789,7
9.56861111111111,-13.5196,-71.9785,14
9.569444444444445,-13.5235,-71.9799,8
9.569722222222222,-13.5236,-71.9799,8
9.57,-13.523,-71.9797,7
9.57,-13.5231,-71.9797,7
9.57,-13.519,-71.9811,8
9.570555555555556,-13.5199,-71.9825,7
9.570833333333333,-13.5215,-71.9797,9
9.571666666666667,-13.5207,-71.9786,32
9.571666666666667,-13.5222,-71.9771,9
9.571944444444444,-13.5221,-71.9792,7
9.571944444444444,-13.521,-71.9792,7
9.572222222222223,-13.5189,-71.9808,16
9.5725,-13.5204,-71.9785,10
9.5725,-13.52,-71.9782,7
9.573055555555555,-13.5217,-71.9792,10
9.573333333333332,-13.5209,-71.9829,8
9.573611111111111,-13.5209,-71.9829,8
9.573888888888888,-13.5231,-71.9797,10
9.574722222222222,-13.5228,-71.9773,19
9.575833333333334,-13.5237,-71.9775,25
9.57638888888889,-13.5235,-71.9799,7
9.577222222222222,-13.5219,-71.9769,9
9.578055555555554,-13.5215,-71.979,8
9.57861111111111,-13.5202,-71.9784,11
9.578888888888889,-13.5217,-71.9768,16
9.580833333333333,-13.5222,-71.9792,10
9.581666666666667,-13.5202,-71.9829,10
9.581944444444444,-13.5202,-71.9784,9
9.583055555555555,-13.5235,-71.9776,7
9.583333333333334,-13.5234,-71.9774,8
9.584166666666667,-13.5199,-71.9814,7
9.584444444444445,-13.5216,-71.9795,7
9.585277777777778,-13.519,-71.9792,25
9.585833333333333,-13.5203,-71.983,7
9.585833333333333,-13.5241,-71.9777,26
9.587222222222223,-13.5218,-71.9783,13
9.5875,-13.5216,-71.9794,8
9.587777777777779,-13.5212,-71.9789,12
9.588055555555556,-13.5198,-71.9781,29
9.58888888888889,-13.5201,-71.9784,12
9.589722222222223,-13.5234,-71.9799,7
9.59,-13.5233,-71.9798,7
9.590833333333334,-13.521,-71.9803,9
9.591111111111111,-13.5211,-71.9828,7
9.591111111111111,-13.5211,-71.9828,7
9.591944444444445,-13.5192,-71.979,14
9.592222222222222,-13.5235,-71.9799,15
9.592222222222222,-13.5219,-71.9791,8
9.593333333333334,-13.5204,-71.9833,7
9.593333333333334,-13.5212,-71.9827,9
9.593611111111112,-13.522,-71.9792,7
9.59388888888889,-13.5236,-71.9799,8
9.594444444444445,-13.5217,-71.9769,16
9.595,-13.5216,-71.979,11
9.595555555555556,-13.5196,-71.9795,13
9.595555555555556,-13.5232,-71.9774,9
9.596111111111112,-13.52,-71.9825,11
9.596388888888889,-13.523,-71.9807,25
9.5975,-13.5206,-71.9835,11
9.598333333333334,-13.5228,-71.9773,9
9.599444444444446,-13.5222,-71.9771,13
9.601388888888888,-13.5198,-71.9782,7
9.6025,-13.5229,-71.9796,7
9.603055555555555,-13.5211,-71.9788,7
9.60361111111111,-13.5217,-71.9793,11
9.60361111111111,-13.5214,-71.9789,10
9.604166666666666,-13.5217,-71.9793,12
9.604166666666666,-13.5214,-71.979,9
9.604444444444445,-13.5228,-71.9795,14
9.604444444444445,-13.521,-71.9842,12
9.605555555555556,-13.5224,-71.9777,8
9.607222222222221,-13.5212,-71.977,12
9.608888888888888,-13.52,-71.9813,10
9.608888888888888,-13.5207,-71.9786,17
9.609444444444444,-13.5217,-71.9824,7
9.609722222222222,-13.5217,-71.979,9
9.61,-13.5219,-71.9824,8
9.610277777777778,-13.5201,-71.98,7
9.610833333333334,-13.5206,-71.9786,32
9.611666666666666,-13.5191,-71.9791,25
9.612499999999999,-13.5203,-71.9802,18
9.613055555555555,-13.5217,-71.9792,9
9.613333333333333,-13.5219,-71.9792,7
9.614722222222222,-13.5213,-71.9847,7
9.616944444444444,-13.5226,-71.9817,7
9.616944444444444,-13.5236,-71.9799,7
9.618055555555555,-13.5202,-71.9833,7
9.618333333333334,-13.5215,-71.985,11
9.61888888888889,-13.5226,-71.9773,8
9.61888888888889,-13.5224,-71.9826,7
9.619444444444445,-13.5217,-71.9791,8
9.619722222222222,-13.5206,-71.9832,7
9.621666666666668,-13.5231,-71.9775,32
9.623055555555556,-13.5215,-71.9768,7
9.623333333333333,-13.5202,-71.9829,13
9.623888888888889,-13.5201,-71.9784,16
9.624166666666667,-13.5206,-71.9805,7
9.625277777777779,-13.522,-71.9858,13
9.625833333333334,-13.519,-71.9813,8
9.626111111111111,-13.5213,-71.9789,7
9.626666666666667,-13.5213,-71.9789,11
9.626944444444446,-13.5198,-71.9782,9
9.627222222222223,-13.5213,-71.979,19
9.62861111111111,-13.5182,-71.9798,15
9.629166666666666,-13.5205,-71.981,16
9.629444444444445,-13.5221,-71.9792,11
9.629722222222222,-13.5235,-71.9776,10
9.630833333333333,-13.5191,-71.9811,9
9.631666666666668,-13.5202,-71.9828,14
9.632222222222223,-13.5207,-71.9786,12
9.6325,-13.5203,-71.9784,11
9.636111111111111,-13.5218,-71.9783,9
9.6375,-13.5234,-71.9797,8
9.637777777777778,-13.521,-71.983,7
9.638055555555555,-13.5234,-71.9797,9
9.638333333333334,-13.5202,-71.978,9
9.63861111111111,-13.5237,-71.9799,10
9.639166666666666,-13.5231,-71.9798,9
9.639722222222222,-13.5237,-71.9799,8
9.639999999999999,-13.5202,-71.9812,8
9.640555555555554,-13.5202,-71.9812,10
9.640555555555554,-13.5224,-71.9821,8
9.640833333333333,-13.5219,-71.9792,13
9.641944444444444,-13.5199,-71.9825,10
9.642222222222221,-13.5225,-71.9823,13
9.642777777777777,-13.5198,-71.9824,20
9.643333333333333,-13.5197,-71.9781,7
9.644166666666667,-13.5209,-71.9805,14
9.645555555555555,-13.5191,-71.9789,7
9.645833333333332,-13.52,-71.9783,7
9.64611111111111,-13.5222,-71.9771,14
9.647499999999999,-13.5198,-71.9814,7
9.647777777777778,-13.5211,-71.9788,7
9.648055555555555,-13.5213,-71.9789,7
9.648888888888889,-13.5208,-71.9831,7
9.65,-13.5194,-71.9792,9
9.650277777777777,-13.5198,-71.9784,11
9.651111111111112,-13.5212,-71.977,13
9.652222222222223,-13.5203,-71.9784,8
9.652777777777779,-13.5209,-71.9788,11
9.653055555555556,-13.5192,-71.9806,7
9.653333333333334,-13.5217,-71.9769,8
9.654444444444445,-13.5201,-71.9784,11
9.655000000000001,-13.5223,-71.9777,8
9.655555555555557,-13.5197,-71.9794,7
9.656944444444445,-13.5195,-71.9817,9
9.658888888888889,-13.5235,-71.9799,9
9.659166666666668,-13.5234,-71.9798,7
9.659444444444444,-13.5195,-71.9816,8
9.659722222222223,-13.5235,-71.9799,7
9.66,-13.5235,-71.9799,9
9.66,-13.5212,-71.9827,8
9.660277777777779,-13.5212,-71.9801,8
9.660277777777779,-13.5236,-71.9797,23
9.660833333333334,-13.5235,-71.9798,7
9.661388888888888,-13.5201,-71.9812,7
9.662222222222223,-13.5234,-71.9798,8
9.662777777777778,-13.5203,-71.9785,8
9.663611111111111,-13.5234,-71.9798,8
9.665000000000001,-13.5224,-71.9794,13
9.665000000000001,-13.5206,-71.9809,11
9.665833333333333,-13.524,-71.9786,11
9.666111111111112,-13.5198,-71.9795,8
9.66638888888889,-13.5228,-71.9795,20
9.666944444444443,-13.5199,-71.9796,9
9.667777777777777,-13.521,-71.9829,7
9.667777777777777,-13.5201,-71.9781,9
9.668055555555554,-13.5199,-71.9783,8
9.668055555555554,-13.5187,-71.9808,15
9.67,-13.5211,-71.9771,17
9.670555555555556,-13.5193,-71.9789,7
9.671388888888888,-13.5193,-71.9789,11
9.6725,-13.5216,-71.9768,7
9.673055555555555,-13.5219,-71.9792,11
9.674166666666666,-13.5199,-71.9801,8
9.675277777777778,-13.5202,-71.9833,7
9.675555555555555,-13.5202,-71.9833,8
9.675833333333333,-13.5217,-71.9825,7
9.678055555555554,-13.5208,-71.9806,9
9.679166666666665,-13.5208,-71.9805,20
9.680277777777777,-13.5219,-71.9792,7
9.680555555555555,-13.5191,-71.9789,9
9.681111111111111,-13.522,-71.9792,8
9.681111111111111,-13.5202,-71.9828,21
9.681388888888888,-13.5207,-71.9794,7
9.681666666666667,-13.5211,-71.9802,11
9.681666666666667,-13.5221,-71.9793,8
9.6825,-13.52,-71.9799,7
9.682777777777778,-13.5242,-71.9781,9
9.682777777777778,-13.5197,-71.9815,7
9.683333333333334,-13.5221,-71.9826,7
9.68361111111111,-13.5201,-71.9799,8
9.684166666666666,-13.5184,-71.9797,9
9.684444444444445,-13.5205,-71.9786,24
9.684444444444445,-13.5232,-71.9797,7
9.685555555555556,-13.5212,-71.9828,7
9.685555555555556,-13.5183,-71.9798,17
9.686666666666667,-13.5229,-71.9796,7
9.686666666666667,-13.52,-71.9782,11
9.688333333333334,-13.5242,-71.9777,15
9.68888888888889,-13.52,-71.9825,8
9.689166666666667,-13.5207,-71.9805,12
9.689166666666667,-13.5233,-71.9797,14
9.690277777777778,-13.5196,-71.9794,7
9.692222222222222,-13.5199,-71.9823,23
9.6925,-13.5213,-71.9789,7
9.693055555555556,-13.5193,-71.9791,7
9.693055555555556,-13.5211,-71.9788,7
9.693611111111112,-13.5213,-71.9789,7
9.693888888888889,-13.5213,-71.9787,9
9.693888888888889,-13.5205,-71.9832,21
9.694166666666668,-13.5216,-71.9767,7
9.694722222222222,-13.5203,-71.9811,23
9.695555555555556,-13.5212,-71.9789,18
9.695555555555556,-13.5198,-71.9782,19
9.696666666666667,-13.5226,-71.9827,10
9.697777777777778,-13.5196,-71.9815,20
9.698333333333334,-13.5213,-71.9799,7
9.69888888888889,-13.5214,-71.9798,10
9.700833333333332,-13.5234,-71.9774,12
9.701666666666666,-13.5218,-71.9792,8
9.702499999999999,-13.5208,-71.9787,15
9.702499999999999,-13.5235,-71.9799,7
9.703333333333333,-13.5206,-71.981,16
9.70361111111111,-13.5214,-71.9769,19
9.703888888888889,-13.5216,-71.9791,8
9.703888888888889,-13.5216,-71.9766,9
9.703888888888889,-13.5231,-71.9797,8
9.704166666666666,-13.5236,-71.9799,7
9.704722222222221,-13.52,-71.9798,7
9.705,-13.5215,-71.9767,13
9.705833333333333,-13.5214,-71.9826,9
9.705833333333333,-13.522,-71.9792,13
9.70722222222222,-13.5198,-71.9814,8
9.708333333333332,-13.5197,-71.9796,7
9.708333333333332,-13.5219,-71.978,9
9.709166666666667,-13.5219,-71.9782,8
9.709444444444443,-13.5206,-71.9776,21
9.709722222222222,-13.5216,-71.9825,7
9.709722222222222,-13.52,-71.9812,7
9.710555555555555,-13.5196,-71.9816,7
9.710555555555555,-13.5221,-71.977,17
9.710833333333333,-13.5233,-71.98,16
9.71111111111111,-13.5231,-71.9796,15
9.711666666666666,-13.5199,-71.9814,9
9.711666666666666,-13.5233,-71.9801,19
9.712222222222222,-13.5199,-71.9783,7
9.712777777777777,-13.5208,-71.983,7
9.713055555555554,-13.5224,-71.9794,16
9.713333333333333,-13.5207,-71.9805,13
9.71361111111111,-13.5202,-71.9784,7
9.714444444444444,-13.5212,-71.9789,9
9.714722222222221,-13.519,-71.9788,10
9.714722222222221,-13.5226,-71.9772,14
9.715277777777777,-13.521,-71.9788,8
9.715555555555556,-13.5217,-71.9793,8
9.716388888888888,-13.5211,-71.9788,12
9.717222222222222,-13.5194,-71.9816,12
9.7175,-13.5199,-71.9783,15
9.720555555555556,-13.5206,-71.9808,16
9.720833333333333,-13.523,-71.9772,13
9.720833333333333,-13.5215,-71.979,26
9.721944444444444,-13.5231,-71.9771,17
9.722222222222223,-13.5222,-71.9771,8
9.7225,-13.5219,-71.9782,10
9.722777777777777,-13.5189,-71.9809,17
9.722777777777777,-13.5224,-71.9793,7
9.722777777777777,-13.5209,-71.9805,7
9.723055555555556,-13.5208,-71.9807,7
9.724444444444444,-13.519,-71.9789,7
9.725555555555555,-13.5201,-71.9781,7
9.725555555555555,-13.521,-71.9805,12
9.725833333333334,-13.5191,-71.979,12
9.725833333333334,-13.5237,-71.9799,8
9.72638888888889,-13.5219,-71.9792,8
9.72638888888889,-13.5205,-71.9785,12
9.726944444444445,-13.5214,-71.9769,13
9.726944444444445,-13.5217,-71.9791,7
9.726944444444445,-13.523,-71.9797,9
9.727222222222222,-13.523,-71.9774,26
9.728333333333333,-13.5209,-71.9833,11
9.72888888888889,-13.5213,-71.9769,16
9.729722222222222,-13.5221,-71.9793,9
9.73,-13.5191,-71.9806,7
9.73,-13.5212,-71.9827,7
9.730277777777777,-13.5217,-71.9793,13
9.731388888888889,-13.5215,-71.9768,8
9.731944444444444,-13.5205,-71.9777,19
9.732222222222223,-13.5233,-71.9798,13
9.733055555555556,-13.5225,-71.9827,7
9.734166666666665,-13.5206,-71.9777,21
9.73472222222222,-13.52,-71.9814,7
9.73472222222222,-13.5195,-71.9794,7
9.735277777777776,-13.5235,-71.9775,7
9.735555555555555,-13.5199,-71.9784,7
9.73611111111111,-13.5214,-71.9786,19
9.73611111111111,-13.5211,-71.9789,7
9.73611111111111,-13.5204,-71.9777,15
9.736944444444443,-13.5202,-71.9812,9
9.737222222222222,-13.5197,-71.9795,10
9.737222222222222,-13.5211,-71.9803,14
9.737499999999999,-13.5204,-71.9811,7
9.738055555555555,-13.5203,-71.9784,7
9.738333333333333,-13.5239,-71.9777,18
9.739166666666666,-13.5226,-71.9772,10
9.740555555555554,-13.521,-71.9788,15
9.74111111111111,-13.5201,-71.9781,8
9.741944444444444,-13.5213,-71.98,7
9.7425,-13.5214,-71.98,9
9.743055555555555,-13.5198,-71.978,27
9.743611111111111,-13.5225,-71.9818,7
9.743888888888888,-13.5217,-71.9853,16
9.74611111111111,-13.5191,-71.9788,7
9.746388888888887,-13.5233,-71.9798,8
9.746388888888887,-13.5206,-71.9785,8
9.747777777777777,-13.5216,-71.9795,7
9.748055555555554,-13.52,-71.9781,7
9.748055555555554,-13.5234,-71.9799,7
9.748888888888889,-13.5218,-71.9791,15
9.749166666666666,-13.5201,-71.9781,8
9.749166666666666,-13.5237,-71.9799,8
9.749722222222221,-13.5232,-71.9798,7
9.750277777777777,-13.5202,-71.9779,7
9.750277777777777,-13.5196,-71.9803,11
9.751666666666667,-13.52,-71.98,8
9.752777777777778,-13.5211,-71.9803,7
9.75388888888889,-13.5235,-71.9799,9
9.75388888888889,-13.5202,-71.9801,14
9.754722222222222,-13.5222,-71.9777,9
9.755277777777778,-13.5225,-71.9795,19
9.755833333333333,-13.5229,-71.9796,11
9.755833333333333,-13.5212,-71.9767,14
9.756388888888889,-13.5197,-71.9816,9
9.756944444444445,-13.5203,-71.9785,8
9.758611111111112,-13.52,-71.9784,8
9.758611111111112,-13.5199,-71.9823,7
9.758611111111112,-13.5193,-71.9789,8
9.759166666666667,-13.5192,-71.9789,10
9.759444444444444,-13.5205,-71.9804,14
9.759444444444444,-13.521,-71.9788,8
9.759722222222223,-13.523,-71.9796,15
9.76,-13.5199,-71.9782,7
9.760277777777778,-13.5201,-71.9813,9
9.760555555555555,-13.5197,-71.982,16
9.761388888888888,-13.5199,-71.9797,11
9.762222222222222,-13.5217,-71.9794,7
9.762222222222222,-13.5208,-71.9787,18
9.763055555555555,-13.5217,-71.9824,10
9.763333333333334,-13.5202,-71.9784,13
9.76388888888889,-13.52,-71.9825,22
9.764166666666666,-13.5205,-71.9786,14
9.764444444444445,-13.5218,-71.9792,9
9.765,-13.5206,-71.9809,10
9.765,-13.5194,-71.9817,10
9.765,-13.5205,-71.9786,12
9.765277777777778,-13.521,-71.9788,7
9.765833333333333,-13.5209,-71.9787,15
9.766666666666667,-13.52,-71.9801,7
9.766944444444444,-13.5195,-71.9816,7
9.767222222222223,-13.5224,-71.9821,9
9.7675,-13.5207,-71.9808,12
9.769166666666667,-13.5215,-71.979,10
9.769722222222223,-13.5236,-71.9799,7
9.770000000000001,-13.519,-71.981,11
9.770277777777778,-13.522,-71.9792,7
9.770277777777778,-13.519,-71.9788,9
9.771111111111113,-13.5209,-71.9787,13
9.77138888888889,-13.5233,-71.9798,10
9.771666666666668,-13.5199,-71.9813,14
9.772222222222224,-13.5227,-71.9825,11
9.772222222222224,-13.5234,-71.9799,7
9.772777777777778,-13.5214,-71.9799,13
9.775555555555556,-13.5204,-71.9811,7
9.776111111111112,-13.5217,-71.9791,15
9.77638888888889,-13.5221,-71.9792,19
9.77638888888889,-13.522,-71.9792,10
9.776666666666667,-13.521,-71.9792,9
9.777777777777779,-13.5236,-71.9793,28
9.778055555555556,-13.5204,-71.9803,21
9.778611111111111,-13.5231,-71.9805,15
9.779722222222222,-13.5196,-71.9816,8
9.780833333333334,-13.5204,-71.9833,8
9.781944444444445,-13.5213,-71.9789,7
9.782222222222224,-13.5212,-71.9789,8
9.7825,-13.52,-71.9783,10
9.78277777777778,-13.521,-71.9788,7
9.783055555555556,-13.5215,-71.9786,9
9.783333333333333,-13.5242,-71.9781,7
9.783333333333333,-13.521,-71.9787,7
9.784444444444444,-13.5215,-71.9767,12
9.785,-13.5202,-71.9811,7
9.785277777777777,-13.5191,-71.9811,12
9.785277777777777,-13.5213,-71.9789,14
9.785555555555556,-13.5204,-71.9811,7
9.785833333333333,-13.5199,-71.9824,21
9.786666666666667,-13.5209,-71.9787,12
9.786944444444444,-13.5214,-71.9768,17
9.786944444444444,-13.5227,-71.9814,13
9.786944444444444,-13.5199,-71.9798,12
9.787222222222223,-13.5223,-71.9825,7
9.7875,-13.52,-71.9813,10
9.789444444444444,-13.5209,-71.9805,8
9.789722222222222,-13.5231,-71.9797,7
9.79,-13.522,-71.9771,12
9.790277777777778,-13.522,-71.978,13
9.791666666666666,-13.5232,-71.9797,8
9.791666666666666,-13.5201,-71.9784,9
9.791944444444445,-13.519,-71.9789,7
9.792222222222222,-13.5203,-71.9785,11
9.792222222222222,-13.5217,-71.9791,9
9.792777777777777,-13.5198,-71.9822,23
9.793055555555556,-13.5198,-71.9814,11
9.793611111111112,-13.5236,-71.9799,9
9.793888888888889,-13.5229,-71.9827,7
9.793888888888889,-13.5205,-71.9777,21
9.796111111111111,-13.5202,-71.9811,7
9.796111111111111,-13.5222,-71.9771,7
9.796388888888888,-13.5195,-71.9793,17
9.796666666666667,-13.5234,-71.9798,13
9.7975,-13.5214,-71.9848,22
9.798333333333334,-13.5215,-71.9796,19
9.798333333333334,-13.5205,-71.9802,12
9.79861111111111,-13.5227,-71.9795,17
9.799444444444445,-13.5226,-71.9795,19
9.800277777777778,-13.5236,-71.9775,18
9.800833333333333,-13.5199,-71.9783,10
9.801111111111112,-13.523,-71.9774,26
9.801944444444445,-13.5226,-71.9774,7
9.802222222222223,-13.5197,-71.9796,7
9.802777777777779,-13.5202,-71.9829,8
9.802777777777779,-13.5214,-71.9768,14
9.803333333333335,-13.5204,-71.9832,7
9.803333333333335,-13.52,-71.9783,7
9.803611111111111,-13.519,-71.9807,8
9.803611111111111,-13.5205,-71.9804,11
9.803611111111111,-13.5221,-71.9792,11
9.804166666666667,-13.5226,-71.9772,9
9.804444444444446,-13.5211,-71.9771,17
9.805000000000001,-13.5197,-71.9815,8
9.805833333333334,-13.5204,-71.9785,9
9.805833333333334,-13.5233,-71.9774,9
9.806111111111111,-13.5199,-71.9814,11
9.806111111111111,-13.5192,-71.9805,11
9.806666666666667,-13.5203,-71.983,9
9.807500000000001,-13.5199,-71.9798,7
9.807777777777778,-13.5208,-71.9787,13
9.809166666666668,-13.5233,-71.9776,8
9.809722222222224,-13.5206,-71.9776,20
9.81,-13.5193,-71.9815,17
9.81,-13.5203,-71.9811,9
9.81,-13.52,-71.9783,11
9.810555555555556,-13.5225,-71.9816,8
9.811111111111112,-13.5198,-71.9815,10
9.812222222222223,-13.5236,-71.9776,17
9.813055555555556,-13.5208,-71.9806,7
9.813055555555556,-13.5206,-71.9804,10
9.81388888888889,-13.5207,-71.9837,15
9.81388888888889,-13.5221,-71.9771,7
9.814444444444446,-13.521,-71.979,8
9.815000000000001,-13.5201,-71.9827,26
9.815277777777778,-13.5204,-71.9786,16
9.815277777777778,-13.5209,-71.9804,12
9.816111111111113,-13.519,-71.981,9
9.81638888888889,-13.5234,-71.9798,10
9.816666666666666,-13.521,-71.9804,9
9.816666666666666,-13.52,-71.9782,14
9.816666666666666,-13.5231,-71.9798,8
9.818333333333333,-13.5229,-71.9773,7
9.818333333333333,-13.5234,-71.9798,7
9.81861111111111,-13.5224,-71.9819,9
9.81861111111111,-13.5202,-71.9831,7
9.819722222222222,-13.52,-71.9782,16
9.82,-13.5236,-71.98,18
9.820277777777777,-13.5235,-71.9799,8
9.820277777777777,-13.5195,-71.9804,8
9.820833333333333,-13.521,-71.9842,12
9.821666666666667,-13.5203,-71.983,11
9.822777777777777,-13.5213,-71.98,7
9.825833333333334,-13.5212,-71.9789,8
9.826666666666666,-13.5214,-71.979,8
9.826944444444445,-13.5241,-71.9778,8
9.8275,-13.5215,-71.9768,8
9.827777777777778,-13.5218,-71.9855,19
9.828055555555554,-13.5202,-71.983,9
9.828333333333333,-13.521,-71.9829,9
9.82861111111111,-13.5215,-71.979,13
9.829444444444444,-13.5195,-71.9817,9
9.83,-13.5204,-71.9811,8
9.830277777777777,-13.5197,-71.9815,7
9.830277777777777,-13.5207,-71.9786,7
9.830833333333333,-13.5208,-71.9787,9
9.831944444444444,-13.5212,-71.9789,10
9.831944444444444,-13.5199,-71.9813,7
9.832222222222223,-13.5204,-71.9784,9
9.833055555555555,-13.5202,-71.9784,20
9.834722222222222,-13.5201,-71.9811,7
9.835,-13.52,-71.9825,7
9.835555555555556,-13.5218,-71.9792,7
9.835833333333333,-13.5203,-71.9831,8
9.836111111111112,-13.5204,-71.9811,11
9.836111111111112,-13.5219,-71.9792,8
9.836944444444445,-13.5195,-71.9816,8
9.836944444444445,-13.5193,-71.9791,9
9.837222222222223,-13.5221,-71.9792,7
9.837222222222223,-13.5204,-71.9785,9
9.8375,-13.5198,-71.9822,18
9.838333333333335,-13.5221,-71.9779,18
9.838333333333335,-13.5214,-71.9798,7
9.838333333333335,-13.5199,-71.9801,7
9.839166666666667,-13.5215,-71.9797,8
9.840833333333334,-13.5202,-71.98,19
9.841111111111111,-13.52,-71.9827,7
9.84138888888889,-13.5196,-71.9794,9
9.841944444444445,-13.52,-71.9814,9
9.842500000000001,-13.5227,-71.9796,18
9.843055555555557,-13.5195,-71.9816,9
9.845555555555556,-13.5214,-71.9787,19
9.846111111111112,-13.5199,-71.9782,7
9.848333333333334,-13.5193,-71.9789,7
9.848611111111111,-13.5203,-71.9811,17
9.84888888888889,-13.5212,-71.9801,15
9.84888888888889,-13.5212,-71.9789,7
9.849166666666667,-13.5214,-71.9787,19
9.85,-13.5211,-71.9788,7
9.850833333333332,-13.5211,-71.9789,8
9.851388888888888,-13.5208,-71.9787,8
9.851666666666667,-13.5214,-71.979,11
9.852222222222222,-13.5227,-71.9774,8
9.85388888888889,-13.5186,-71.9795,20
9.854166666666666,-13.5211,-71.9788,11
9.856388888888889,-13.5197,-71.9814,7
9.857777777777777,-13.5198,-71.9815,9
9.858055555555556,-13.5191,-71.9789,8
9.858055555555556,-13.5202,-71.9801,13
9.858055555555556,-13.5198,-71.9815,9
9.858611111111111,-13.5203,-71.9831,7
9.858611111111111,-13.5219,-71.9792,14
9.858888888888888,-13.5206,-71.9809,7
9.858888888888888,-13.5234,-71.9798,7
9.859166666666667,-13.5219,-71.9769,13
9.859166666666667,-13.521,-71.979,9
9.859444444444444,-13.5201,-71.983,8
9.859722222222222,-13.5232,-71.9798,7
9.859722222222222,-13.5216,-71.9766,9
9.86111111111111,-13.5221,-71.9779,18
9.86111111111111,-13.5215,-71.979,10
9.861666666666666,-13.5211,-71.9788,15
9.86361111111111,-13.5234,-71.9798,7
9.86361111111111,-13.5229,-71.9796,17
9.86361111111111,-13.5193,-71.9814,18
9.865555555555556,-13.5234,-71.9799,8
9.865555555555556,-13.5226,-71.9795,20
9.865833333333333,-13.5224,-71.9776,28
9.865833333333333,-13.5206,-71.9809,7
9.867222222222223,-13.52,-71.9827,7
9.867777777777778,-13.5217,-71.9769,8
9.868055555555555,-13.5215,-71.9797,20
9.868611111111111,-13.5204,-71.9785,10
9.869166666666667,-13.5189,-71.9808,9
9.869722222222222,-13.5236,-71.9793,14
9.870000000000001,-13.5205,-71.9835,9
9.871111111111112,-13.5213,-71.9827,9
9.8725,-13.5203,-71.9784,7
9.873888888888889,-13.5198,-71.9796,9
9.874444444444444,-13.5239,-71.9785,18
9.875,-13.5218,-71.9791,9
9.875,-13.5207,-71.9808,9
9.875277777777779,-13.5207,-71.9775,13
9.876111111111111,-13.5232,-71.9798,7
9.876111111111111,-13.5202,-71.9779,7
9.878333333333334,-13.5213,-71.9788,10
9.880277777777778,-13.5209,-71.9806,9
9.880555555555556,-13.521,-71.9803,7
9.881111111111112,-13.5234,-71.9798,10
9.881666666666668,-13.5232,-71.9798,7
9.881944444444445,-13.521,-71.9804,11
9.882222222222223,-13.5208,-71.9831,7
9.882222222222223,-13.5209,-71.9804,7
9.882222222222223,-13.5231,-71.9797,9
9.882777777777779,-13.5241,-71.9781,10
9.883888888888889,-13.5208,-71.9786,12
9.883888888888889,-13.5217,-71.9769,17
9.884722222222221,-13.5208,-71.9833,11
9.885,-13.5203,-71.9832,7
9.886388888888888,-13.5235,-71.9799,12
9.886388888888888,-13.5216,-71.9768,8
9.886666666666667,-13.5222,-71.9825,8
9.886666666666667,-13.5215,-71.9851,22
9.888055555555555,-13.5234,-71.9798,7
9.889722222222222,-13.5219,-71.9792,7
9.889722222222222,-13.5209,-71.983,7
9.890277777777778,-13.5206,-71.9786,15
9.890555555555554,-13.52,-71.9783,9
9.89111111111111,-13.52,-71.9813,11
9.89111111111111,-13.5237,-71.9776,16
9.891388888888889,-13.5211,-71.983,8
9.891388888888889,-13.5206,-71.9804,9
9.891666666666666,-13.5203,-71.9811,10
9.894166666666667,-13.5224,-71.9772,7
9.894166666666667,-13.5206,-71.9836,16
9.894444444444444,-13.5202,-71.9784,7
9.894444444444444,-13.5225,-71.9794,7
9.895,-13.5225,-71.9772,10
9.89611111111111,-13.5228,-71.9811,13
9.896944444444443,-13.5235,-71.9775,7
9.899444444444445,-13.5208,-71.9806,7
9.900277777777777,-13.521,-71.9843,8
9.900833333333333,-13.5198,-71.978,12
9.901944444444444,-13.5218,-71.9791,7
9.901944444444444,-13.5213,-71.9798,10
9.903333333333334,-13.522,-71.9792,7
9.903611111111111,-13.5237,-71.9799,7
9.904166666666667,-13.5215,-71.9796,8
9.904722222222222,-13.5192,-71.979,10
9.905000000000001,-13.5218,-71.9791,15
9.905277777777778,-13.5235,-71.9799,7
9.905555555555557,-13.5234,-71.9776,8
9.905555555555557,-13.5198,-71.9814,7
9.90611111111111,-13.5191,-71.9789,13
9.90638888888889,-13.5235,-71.9776,11
9.906666666666666,-13.5212,-71.9771,26
9.906944444444445,-13.5193,-71.9792,10
9.908333333333333,-13.5204,-71.9811,7
9.908333333333333,-13.5199,-71.9814,13
9.908611111111112,-13.5217,-71.9791,7
9.909722222222223,-13.5205,-71.981,7
9.91388888888889,-13.5228,-71.9796,15
9.914444444444445,-13.5212,-71.9789,7
9.915277777777778,-13.5211,-71.9789,7
9.915833333333333,-13.5217,-71.9794,7
9.916111111111112,-13.524,-71.9778,10
9.916111111111112,-13.5199,-71.9826,15
9.916944444444443,-13.5215,-71.979,7
9.917499999999999,-13.5242,-71.9779,19
9.918888888888889,-13.5229,-71.9773,9
9.919444444444444,-13.5212,-71.9828,7
9.921111111111111,-13.5218,-71.9791,10
9.921666666666667,-13.5197,-71.9795,8
9.921666666666667,-13.5223,-71.9779,18
9.921944444444444,-13.5211,-71.9772,19
9.92361111111111,-13.5196,-71.9794,7
9.923888888888888,-13.5198,-71.9797,7
9.926388888888889,-13.5231,-71.9797,7
9.927222222222222,-13.5199,-71.9797,12
9.928333333333333,-13.5218,-71.9792,8
9.928333333333333,-13.5201,-71.9827,7
9.929722222222221,-13.5217,-71.9825,7
9.930277777777777,-13.5228,-71.9795,24
9.931111111111111,-13.5234,-71.9798,7
9.931666666666667,-13.5204,-71.9786,15
9.931666666666667,-13.522,-71.9792,7
9.931944444444444,-13.5226,-71.9816,7
9.932222222222222,-13.5198,-71.9815,8
9.932777777777778,-13.5197,-71.9815,8
9.933055555555555,-13.5202,-71.983,7
9.933333333333334,-13.5236,-71.9799,8
9.934166666666666,-13.5199,-71.9814,10
9.936388888888889,-13.5229,-71.9796,8
9.936666666666667,-13.5225,-71.9795,20
9.937222222222223,-13.5216,-71.9766,15
9.938055555555556,-13.5196,-71.9816,7
9.938611111111111,-13.5201,-71.9784,7
9.938611111111111,-13.5218,-71.9769,9
9.93888888888889,-13.5203,-71.9784,7
9.939722222222223,-13.5203,-71.9801,8
9.94,-13.5215,-71.979,8
9.94,-13.5208,-71.9788,6
9.940555555555555,-13.5214,-71.9826,7
9.940555555555555,-13.5204,-71.9802,7
9.94111111111111,-13.52,-71.9799,8
9.941944444444445,-13.5224,-71.9821,9
9.943888888888889,-13.5204,-71.9832,7
9.944444444444445,-13.521,-71.9787,10
9.946944444444444,-13.52,-71.9782,7
9.947222222222223,-13.5218,-71.9791,9
9.9475,-13.522,-71.9792,7
9.94888888888889,-13.5232,-71.9797,8
9.949166666666667,-13.5235,-71.9798,7
9.949722222222222,-13.5209,-71.983,12
9.950277777777776,-13.5236,-71.9799,7
9.950555555555555,-13.5205,-71.9786,8
9.951944444444443,-13.5216,-71.9791,12
9.952499999999999,-13.5198,-71.9781,14
9.955277777777777,-13.5208,-71.9787,11
9.955833333333333,-13.523,-71.9797,16
9.955833333333333,-13.5214,-71.9787,17
9.955833333333333,-13.5206,-71.9805,9
9.955833333333333,-13.5226,-71.9794,17
9.956666666666665,-13.5205,-71.9803,9
9.956666666666665,-13.5222,-71.9794,24
9.95722222222222,-13.5208,-71.9806,12
9.9575,-13.5201,-71.978,7
9.957777777777777,-13.5192,-71.979,7
9.957777777777777,-13.5224,-71.9827,9
9.95861111111111,-13.5214,-71.9849,19
9.959166666666667,-13.5203,-71.9785,10
9.959999999999999,-13.5215,-71.979,8
9.961388888888887,-13.5203,-71.9831,7
9.961944444444443,-13.5207,-71.9807,11
9.962499999999999,-13.52,-71.9783,10
9.962499999999999,-13.5202,-71.9829,18
9.962777777777777,-13.5205,-71.981,10
9.963055555555554,-13.5201,-71.9784,15
9.963333333333333,-13.5224,-71.9827,8
9.964166666666666,-13.5192,-71.9805,7
9.964166666666666,-13.5218,-71.9782,7
9.966388888888888,-13.5212,-71.9828,9
9.967222222222222,-13.5207,-71.9775,17
9.9675,-13.5224,-71.9776,14
9.968333333333334,-13.5203,-71.9811,8
9.96888888888889,-13.5203,-71.9811,11
9.969166666666666,-13.5199,-71.9782,7
9.969722222222222,-13.5224,-71.9776,12
9.97,-13.5188,-71.979,9
9.970277777777778,-13.5219,-71.9791,7
9.970555555555556,-13.5236,-71.9799,7
9.971944444444444,-13.5215,-71.979,12
9.971944444444444,-13.5189,-71.9807,8
9.9725,-13.5219,-71.9792,8
9.9725,-13.5228,-71.9828,7
9.973055555555556,-13.52,-71.9824,9
9.973333333333333,-13.5232,-71.9798,3
9.973611111111111,-13.5199,-71.9824,14
9.973888888888888,-13.5235,-71.9798,8
9.975,-13.5215,-71.9767,7
9.976111111111111,-13.5215,-71.9768,7
9.976111111111111,-13.5195,-71.9792,9
9.976666666666667,-13.5203,-71.9831,7
9.978055555555555,-13.5225,-71.9775,8
9.979166666666666,-13.5195,-71.9817,10
9.979166666666666,-13.5197,-71.9794,9
9.98,-13.5205,-71.9835,18
9.980555555555556,-13.5211,-71.9788,9
9.980833333333333,-13.521,-71.9788,7
9.981388888888889,-13.5214,-71.9789,8
9.981388888888889,-13.52,-71.9813,9
9.981666666666667,-13.5197,-71.9803,9
9.981666666666667,-13.5218,-71.9769,7
9.9825,-13.5203,-71.9785,7
9.983888888888888,-13.5201,-71.9812,10
9.983888888888888,-13.5211,-71.9788,15
9.983888888888888,-13.5223,-71.9771,11
9.984166666666665,-13.5214,-71.979,15
9.98472222222222,-13.52,-71.9813,24
9.98472222222222,-13.5196,-71.9803,7
9.985277777777776,-13.52,-71.9801,13
9.985277777777776,-13.5198,-71.9814,8
9.985555555555555,-13.5208,-71.9774,21
9.986944444444443,-13.5211,-71.9843,22
9.987777777777778,-13.5198,-71.9801,11
9.987777777777778,-13.5222,-71.9793,9
9.98861111111111,-13.5209,-71.9787,7
9.98861111111111,-13.5218,-71.9792,7
9.988888888888889,-13.5214,-71.9827,8
9.989166666666666,-13.5206,-71.9786,14
9.989722222222222,-13.5199,-71.9813,9
9.990277777777777,-13.5206,-71.9809,13
9.990555555555554,-13.5206,-71.9786,8
9.990833333333333,-13.5221,-71.977,9
9.990833333333333,-13.519,-71.979,10
9.99111111111111,-13.5217,-71.9793,15
9.991666666666665,-13.5199,-71.9782,8
9.992222222222221,-13.5199,-71.9797,8
9.9925,-13.5202,-71.9779,11
9.993611111111111,-13.5225,-71.9816,7
9.994166666666667,-13.5216,-71.9852,14
9.99472222222222,-13.523,-71.9797,7
9.995833333333332,-13.5201,-71.98,11
9.99611111111111,-13.5223,-71.9772,8
9.998055555555554,-13.5213,-71.9799,9
9.998333333333333,-13.5225,-71.9773,13
